-1.529235392942969174e+00 8.616111143726754573e-01 9.763581993316179375e-01
-1.505495397103855160e+00 8.566970381374947596e-01 9.775940886526234275e-01
-1.328257048915063354e+00 8.119038357277854612e-01 9.794435662417233512e-01
-1.023117803491338185e+00 7.269721164264069113e-01 9.819022915919279892e-01
-7.973820279781482778e-01 6.583169686883986182e-01 9.849648580082007721e-01
9.620610020544659857e-01 1.145660153439058970e-01 9.886248027364272772e-01
2.958679055441754802e+00 -5.074097027488135847e-01 9.928746178413038193e-01
4.605659897029679151e+00 -9.898539199622812257e-01 9.977057615374063104e-01
6.234307092090338287e+00 -1.460255234511620426e+00 1.003108669722813318e+00
7.532910991091902986e+00 -1.792693431046241681e+00 1.009072767543604865e+00
8.822829472361160441e+00 -2.155667139294479284e+00 1.015586480932129998e+00
9.492235891564540395e+00 -2.354840334364411980e+00 1.022637248210948258e+00
1.020427978391704116e+01 -2.550278234705812164e+00 1.030211532032912825e+00
1.092136204853544079e+01 -2.730758551263993361e+00 1.038294832126995582e+00
1.199132418772274278e+01 -2.984768280545765151e+00 1.046871699526179089e+00
1.342057963286720046e+01 -3.318654318957338312e+00 1.055925753151610635e+00
1.449935062593861446e+01 -3.528794099100081905e+00 1.065439699797446682e+00
1.596149154404557713e+01 -3.579335155754940434e+00 1.085727429483343442e+00
1.731335752093491820e+01 -3.606019896609045539e+00 1.101293189000398076e+00
1.782368212679276098e+01 -3.783375251680715756e+00 1.148674764388666780e+00
1.818135509957269136e+01 -3.780130733916117425e+00 1.180762438232836331e+00
1.853673288007124853e+01 -3.751184478073209760e+00 1.213236159583763296e+00
1.888843508348296396e+01 -3.698850125587459736e+00 1.246077672742554210e+00
1.960781543068519284e+01 -3.528378258956237801e+00 1.279268146974836373e+00
1.994529524686663180e+01 -3.422276234493061509e+00 1.312788221392632737e+00
2.027431587367787102e+01 -3.294131532400063733e+00 1.346618048582151506e+00
2.059170050767128402e+01 -3.140741356563840014e+00 1.380737336934042547e+00
2.089976136717581667e+01 -2.970339258884584499e+00 1.415125391666776533e+00
2.119313410708220857e+01 -2.776346206931190608e+00 1.449761154566077126e+00
2.147389751640348265e+01 -2.564940954960283293e+00 1.484623242496900808e+00
2.174108472917833978e+01 -2.336863737110038919e+00 1.519689984781488867e+00
2.199377345075233947e+01 -2.092903764787111598e+00 1.554939459578477345e+00
2.272373409788554710e+01 -1.341429177364063641e+00 1.597575138217458779e+00
2.264487726179011062e+01 -1.457427397246828349e+00 1.662797815103427057e+00
2.280254544445009657e+01 -1.315419896199795380e+00 1.636681734611861394e+00
2.302963254456716413e+01 -9.761050535557949104e-01 1.728100971853640422e+00
2.290740194013371678e+01 -1.334338766787261932e+00 1.728100971853640422e+00
2.324180809907448975e+01 -4.910870942169975883e-01 1.804385746478708974e+00
2.336455945088253117e+01 -1.099620056359829484e-01 1.895901054381247119e+00
2.361670342829425095e+01 7.284483998774538005e-01 1.865396389222261586e+00
2.371529071032671965e+01 1.113741084398416570e+00 1.956854957483653346e+00
2.372879734092998305e+01 9.733519025404506753e-01 1.926381250420166502e+00
2.384697698802990118e+01 1.743590285741661416e+00 2.017711254018015765e+00
2.394541848302755227e+01 2.304888699149911790e+00 2.017711254018015765e+00
2.399809992955845672e+01 2.973033955252741833e+00 2.063213194750371571e+00
2.400941308534015306e+01 3.851786711324324930e+00 2.199522811839807801e+00
2.402698113720432715e+01 4.239467404398425288e+00 2.290082504271649722e+00
2.401772334241536555e+01 5.010774456347726336e+00 2.380343059606826905e+00
2.395639717343172848e+01 6.549764750405681291e+00 2.470254034644705499e+00
2.363487510346075027e+01 7.420395669819319195e+00 2.234049928183332145e+00
2.338520007969145453e+01 8.618922036939176579e+00 2.160623807829447074e+00
2.311320946372882190e+01 1.017982715345910094e+01 2.087068730147851880e+00
2.283958287187591907e+01 1.176447385328791739e+01 2.013428130413849715e+00
2.260290011344911676e+01 1.290333105582011086e+01 1.939745660432003138e+00
2.233241791447138169e+01 1.440202368948259526e+01 1.866065117889232239e+00
2.203220948654436029e+01 1.601731330522976293e+01 1.792430375546916643e+00
2.167248830541837634e+01 1.802200608570091234e+01 1.718885310468973415e+00
2.130638410691766893e+01 1.998292491884197375e+01 1.645473733480052214e+00
2.113469168713991309e+01 2.203778432808475429e+01 1.637476821240954727e+00
2.094029083273124314e+01 2.327411025648045495e+01 1.597004083374627292e+00
2.077945336432718548e+01 2.412529688696322694e+01 1.556717714115714912e+00
2.068709589545388638e+01 2.459760244184336386e+01 1.516641511040549783e+00
2.035585689278401134e+01 2.495074231323553349e+01 1.413013281076611172e+00
2.011497601332852625e+01 2.535269895175647648e+01 1.341610418064439703e+00
2.001612018527242043e+01 2.567450280871009838e+01 1.333724097652025709e+00
1.964698110015426025e+01 2.636581867398545853e+01 1.294579538387612860e+00
1.942935179023612235e+01 2.670217777421355976e+01 1.255798260247782849e+00
1.919750027223761890e+01 2.702890755049724447e+01 1.217402144686327015e+00
1.894351957355505434e+01 2.733909926168510651e+01 1.179412585088714271e+00
1.880508219496224953e+01 2.758600694926535724e+01 1.184426480675255355e+00
1.857810268342626969e+01 2.783506791841253047e+01 1.168553323052796689e+00
1.833173149643609889e+01 2.806139753938893477e+01 1.153101011422126954e+00
1.807024123602434784e+01 2.826693218019541121e+01 1.138077199105450354e+00
1.766197777858981866e+01 2.849448020659865577e+01 1.082603526343640876e+00
1.729152550826670520e+01 2.869088452552560398e+01 1.065803579797181877e+00
1.692139063647072561e+01 2.886283425519213708e+01 1.040604243016774344e+00
1.675606452976709448e+01 2.899662545987775530e+01 1.036244456820298865e+00
1.648431323238824575e+01 2.913716571966130431e+01 1.022192389943236357e+00
1.620598243489513735e+01 2.925753636584284578e+01 1.008633540465037060e+00
1.580040392427666340e+01 2.944301760510272103e+01 9.539355767106076911e-01
1.542221918681062398e+01 2.953602810536860090e+01 9.650543868635664824e-01
1.507381491848529542e+01 2.965628163713088838e+01 9.322247871404081287e-01
1.472380735500510873e+01 2.976373240537596132e+01 8.999351657934291371e-01
1.464508217942968216e+01 2.983615480090700345e+01 9.023544200122899372e-01
1.404769842495199939e+01 2.994635983104929622e+01 8.882362393891304331e-01
1.383144565162757544e+01 2.999776325569905921e+01 8.746700398777769170e-01
1.361571798335132755e+01 3.003963603114454273e+01 8.616604974416632867e-01
1.340078303090974643e+01 3.007410218821956960e+01 8.492116408722630849e-01
1.280296264021767172e+01 3.010550490311982585e+01 8.373268531762541045e-01
1.220696641407439564e+01 3.010112229917267967e+01 8.260088744773876890e-01
1.161407463603591594e+01 3.006527141865174357e+01 8.152598064435780945e-01
1.184195517042016021e+01 3.003916810298888151e+01 8.015035756310462389e-01
1.122075957779297184e+01 2.999616952801521919e+01 7.875619599896401812e-01
1.106623768729896184e+01 2.993920466714278206e+01 7.758524712128986867e-01
9.406291307762028708e+00 2.990534017338265471e+01 7.478914171335239169e-01
8.630700876081293771e+00 2.988077421841119374e+01 7.288311852377971078e-01
7.529127161106330846e+00 2.989455896834536830e+01 7.016472961071896774e-01
6.403825990543693614e+00 2.985127479883582424e+01 6.794009884045775216e-01
5.259519525389706907e+00 2.971275905067330925e+01 6.794009884045775216e-01
4.508517646680092028e+00 2.966386421800094553e+01 6.691539064920626334e-01
3.104201563398890418e+00 2.946298099868648279e+01 6.444107815246078452e-01
2.042092071444314705e+00 2.930004901675249585e+01 5.987940207955397831e-01
1.261974670531274878e+00 2.918709933659930300e+01 5.682496312248364045e-01
5.124507459427631861e-01 2.909445845068019310e+01 5.627158083695548152e-01
-2.388076641858636884e-01 2.894910825802982401e+01 5.455377824200087211e-01
-6.352876289437425772e-01 2.886136660167445100e+01 5.067890788830405890e-01
-1.011838103836775637e+00 2.877008298723460911e+01 4.796736178748718937e-01
-1.357553979640589770e+00 2.862667860373211681e+01 4.796736178748718937e-01
-1.704807158306237636e+00 2.848684113107596971e+01 4.669600149177112192e-01
-2.040103609806374951e+00 2.832985557492542839e+01 4.548068365004629410e-01
-2.376640787952115197e+00 2.819061587358656595e+01 4.189029068619050111e-01
-2.691329908152162886e+00 2.801696233376717871e+01 3.957050822839717208e-01
-2.990238158210946295e+00 2.782672339684180685e+01 3.730580360930344508e-01
-3.231856764045270225e+00 2.747730772428666057e+01 3.716161320740593021e-01
-3.476869518351815458e+00 2.718647852439173462e+01 3.603922315165619672e-01
-3.700807219112652646e+00 2.688074118131826040e+01 3.497124241062433692e-01
-3.902727703370857171e+00 2.656181513906950542e+01 3.395742680884314413e-01
-4.100845610910607952e+00 2.622922770171877715e+01 3.427728124757738470e-01
-4.257176121579047567e+00 2.588911947645337364e+01 3.337168588040548833e-01
-4.398107369542390899e+00 2.554464978232244476e+01 3.251974812305214457e-01
-4.526136228994932509e+00 2.519778809482610171e+01 3.172113133637527449e-01
-4.722721135582666818e+00 2.465606706857253272e+01 3.172113133637527449e-01
-4.789820633000054784e+00 2.438677558237455756e+01 3.140160071366775441e-01
-4.888223315851648820e+00 2.395446068286381447e+01 3.049550784910696200e-01
-4.949165774915177174e+00 2.360385761742020350e+01 2.996103611849311732e-01
-5.057207724077829702e+00 2.287579356244579643e+01 2.947826770417282249e-01
-5.079458143353992483e+00 2.252742946504312727e+01 2.904685293717756966e-01
-5.123294665808709070e+00 2.187585714098823786e+01 2.917350464160625156e-01
-5.133025318497938194e+00 2.153475484157187836e+01 2.884474050002457934e-01
-5.121780695003958606e+00 2.116258759443338633e+01 2.883013645785355017e-01
-5.166520666616595925e+00 2.004597400223178738e+01 2.873519412047093047e-01
-5.201518619580978608e+00 1.936840189645465671e+01 2.863303993433604089e-01
-5.262903482313156189e+00 1.790207725737743516e+01 2.861138867637312289e-01
-5.268012645222817980e+00 1.652037406082835602e+01 2.865558477792046199e-01
-5.320485196254954197e+00 1.560409208871378084e+01 2.883279104437128093e-01
-5.343070746443982166e+00 1.453549139947686442e+01 2.901797766465848971e-01
-5.367740751428698331e+00 1.271038718093585551e+01 2.925568551132720074e-01
-5.384432270449368119e+00 1.134719095642475928e+01 2.954623254482409700e-01
-5.406571101325877038e+00 9.979032325000883219e+00 2.988987852895234609e-01
-5.508957716430298746e+00 8.109705083968069772e+00 3.028679474474963440e-01
-5.649437789665084253e+00 6.244213760710736416e+00 3.073703707127606877e-01
-5.781799338932394505e+00 4.772877594768961451e+00 3.124052445867728789e-01
-5.878981913291219996e+00 3.693252541920508669e+00 3.179702437802299220e-01
-5.907533956874031489e+00 3.002735443930590442e+00 3.240614615654865416e-01
-5.902424973140787401e+00 2.703773135843458242e+00 3.306734229924379598e-01
-5.879050013812244124e+00 2.404193680823808243e+00 3.377991725932219524e-01
-5.698303390267546398e+00 1.818842865847729584e+00 3.530004245319471323e-01
-5.538411625961511042e+00 1.203515444451809913e+00 3.541556696976692065e-01
-5.378926201445750621e+00 7.179185310347760973e-01 3.706999306147312767e-01
-5.383071703811246778e+00 6.464756043305495137e-01 3.663559879637577343e-01
-5.265247625606692239e+00 3.717935439115941376e-01 3.707004551795108904e-01
-5.122404271451223678e+00 1.083058405001191965e-01 3.754650003285912585e-01
-4.843439758643368620e+00 -2.943088529112267704e-01 3.940641711454758167e-01
-4.775608250196906823e+00 -4.390700023486916459e-01 3.971737757766055643e-01
-4.503440180448254004e+00 -8.294687403741664022e-01 4.206940747627584409e-01
-4.210333349990359686e+00 -1.201938763546156697e+00 4.446474076269683606e-01
-3.899893697947586890e+00 -1.556869655440339839e+00 4.690453823951765688e-01
-3.574519505213746839e+00 -1.894374519603173823e+00 4.939004111664240249e-01
-3.312956371735318761e+00 -2.135331884431852956e+00 4.924741982560694176e-01
-2.995788512916961466e+00 -2.392613500188972342e+00 5.048817531693335914e-01
-2.663278727198830076e+00 -2.625939985652311570e+00 5.177616452008949599e-01
-2.316748094693857229e+00 -2.834298997909323159e+00 5.311219185892772643e-01
-1.956552322391654775e+00 -3.014925931809072424e+00 5.449706345988181155e-01
-1.587119161623754771e+00 -3.172754785241224340e+00 5.593156337486385743e-01
-1.210303588053565305e+00 -3.309341703422428616e+00 5.741643029405701926e-01
-8.276958193128642893e-01 -3.426435759315832108e+00 5.895233569926334738e-01
-4.383453470858482137e-01 -3.524417212093808871e+00 6.053986425224948675e-01
-4.401796999310836345e-02 -3.600513349049554002e+00 6.217949703542139384e-01
3.548130391725687338e-01 -3.652509372210909433e+00 6.387159807669609002e-01
7.556231805208583063e-01 -3.688807302588690717e+00 6.561640440723928158e-01
1.885910646145798619e+00 -3.821072503677087617e+00 6.741401972828964251e-01
2.651340065129261792e+00 -3.870611862579600881e+00 6.926441160795451246e-01
4.295618397844225278e+00 -3.727553552449243135e+00 7.252021866742452971e-01
5.634766264820926018e+00 -3.853610996827065094e+00 7.778422704450872471e-01
7.257244909769028141e+00 -3.907790019515516633e+00 8.178389840822015699e-01
9.286687322454284299e+00 -3.921958012279306072e+00 8.583471811801055562e-01
1.052054263831147907e+01 -3.914295204421581964e+00 8.993592055606036695e-01
1.135520697210874630e+01 -3.885508268886030514e+00 9.408661923241965486e-01
1.218819152495274594e+01 -3.835041395444676482e+00 9.828581639871346587e-01
1.302035606867431738e+01 -3.761056728970428420e+00 1.025324133446057218e+00
1.341441580270216605e+01 -3.843961836075032057e+00 1.065439699797446682e+00
1.619244007540278574e+01 -3.747114639806936154e+00 1.101293189000398076e+00
1.798677007957464369e+01 -3.441163634864338405e+00 1.170156663113197659e+00
1.841975217937666542e+01 -3.347107569834673946e+00 1.224260647039586924e+00
1.922107549470059951e+01 -3.166094090670259042e+00 1.278704837053502796e+00
1.964540489180941663e+01 -3.035503499089856838e+00 1.333458534470320700e+00
2.006624015989316234e+01 -2.893984480035943108e+00 1.388490568488977450e+00
2.048326234376939325e+01 -2.741699933199418737e+00 1.443769370718915201e+00
2.089615737092603354e+01 -2.578817688526410024e+00 1.499263048892495842e+00
2.130461627542319292e+01 -2.405510782308232898e+00 1.554939459578477345e+00
2.389001494656417179e+01 2.223776026116851767e+00 2.063213194750371571e+00
1.864318037830312491e+01 2.766713010430479969e+01 1.158530642440085856e+00
1.833227435026987706e+01 2.798594759527340159e+01 1.138077199105450354e+00
1.734223341564168663e+01 2.868646281555347599e+01 1.074186993278737567e+00
1.748476352958016733e+01 2.852415116066150702e+01 1.021376373572013829e+00
1.655929381592874705e+01 2.910659015702285757e+01 1.008633540465037060e+00
1.420762428864074067e+01 2.982546633144397674e+01 8.833963179493893314e-01
1.421026985746307503e+01 2.990817872914507802e+01 8.667311069744424445e-01
1.395292113226292230e+01 2.995676186957327758e+01 8.509635024490076471e-01
1.331215374251416961e+01 3.000717482625254817e+01 8.357587331510828443e-01
1.267220257321369203e+01 3.005179197114999567e+01 8.211209148185469875e-01
1.203325438157785854e+01 3.007165542641381961e+01 8.070535284797250020e-01
1.178016724591198638e+01 3.009933238926469556e+01 8.058985536491113377e-01
5.271198113447184141e+00 2.975750648485229277e+01 6.691539064920626334e-01
3.912868141348862405e+00 2.967481306293204923e+01 6.567824070738348397e-01
-4.676074765675735989e+00 2.475375728163439959e+01 3.140160071366775441e-01
-5.154024225809987314e+00 2.117252132415886479e+01 2.876439452046656298e-01
-5.166040639569089876e+00 2.081435867771655523e+01 2.873519412047093047e-01
-5.269707658558170138e+00 1.690457559239062846e+01 2.865558477792046199e-01
-5.638796458171441373e+00 1.561631585867440775e+00 3.588076747217536777e-01
-5.482911778296664096e+00 1.056914248174178006e+00 3.706999306147312767e-01
-5.243169755547235411e+00 4.416926942945221257e-01 3.754650003285912585e-01
-3.247925399371911936e+00 -2.136390405399456682e+00 5.077338824739034973e-01
-2.912783704682706976e+00 -2.361281403880182594e+00 5.220392767154283797e-01
-2.569825506875074161e+00 -2.568875663798820153e+00 5.368245482085096665e-01
-2.219540179753157538e+00 -2.758652153186944567e+00 5.520976993336581540e-01
-1.860042445901527008e+00 -2.924881152923939354e+00 5.678665438247894048e-01
-1.492524526481014968e+00 -3.066950909876890563e+00 5.841384724399142359e-01
-1.118254853379426539e+00 -3.184383517297002530e+00 6.009202303498368813e-01
-7.394752699680950947e-01 -3.280582170423340660e+00 6.182177141810227816e-01
-3.467787743737902884e-01 -3.369656442825372800e+00 6.360357950675776806e-01
4.744162486664458417e-02 -3.446559348058878314e+00 6.543781724163073577e-01
4.433028740686200120e-01 -3.509389068802170275e+00 6.732472614548536960e-01
1.563347345114870723e+00 -3.694384353894563766e+00 6.926441160795451246e-01
3.190239009270323223e+00 -3.860449729106369965e+00 7.252021866742452971e-01
1.821192245413116595e+01 -3.611313611190599016e+00 1.055795703300757671e+00
1.933059732866602332e+01 -3.433014371548090971e+00 1.025898133373849719e+00
2.081776843045711090e+01 -3.174546924695980987e+00 9.964801397630506097e-01
2.229967755841003907e+01 -2.886958548511420197e+00 9.675504755418514735e-01
2.414667982837025306e+01 -2.504845063729237431e+00 9.391171494518144591e-01
2.562270501378132792e+01 -2.190788501808499156e+00 9.111874365288044064e-01
2.709346404748893278e+01 -1.853403294352048203e+00 8.837678885832044307e-01
2.822336588543436164e+01 -1.583442957453697897e+00 8.568643446437299582e-01
2.897751531260090729e+01 -1.362717180395944361e+00 8.304819414816950740e-01
3.011112877275395050e+01 -1.048517619282558488e+00 8.046251243319786361e-01
3.085359168351599379e+01 -7.919405814938120791e-01 7.792976579205002086e-01
3.121238174866694948e+01 -6.245068194958443009e-01 7.545026378974650783e-01
3.156024487472166129e+01 -4.334282542541363914e-01 7.302425027624237508e-01
3.189554238350836002e+01 -2.194967717052991873e-01 7.065190463524513298e-01
3.221669606569096800e+01 1.639135913310358142e-02 6.833334309494039083e-01
3.252091557505015373e+01 2.749487249882220374e-01 6.606862010469358726e-01
3.309665923073935545e+01 8.172522889280720015e-01 6.385772978032577818e-01
3.335438874915561769e+01 1.124588675070406385e+00 6.170060741918312885e-01
3.358996861683958457e+01 1.449817425670001381e+00 5.959713108495497957e-01
3.380209958058784991e+01 1.791299804193053014e+00 5.754712326105753117e-01
3.399144514386875926e+01 2.146222631477244569e+00 5.555035257039383501e-01
3.415710679903205715e+01 2.513047300746119816e+00 5.360653555842582740e-01
3.429632686320650237e+01 2.891012145934561239e+00 5.171533853574730166e-01
3.441437501503948226e+01 3.276111318382764814e+00 4.987637947572024499e-01
3.461817645350564021e+01 4.043295753079536148e+00 4.808922996222432245e-01
3.468023583994727232e+01 4.441795455736182063e+00 4.635341718215982287e-01
3.477367536690810823e+01 5.230744212372892221e+00 4.466842595703061636e-01
3.485010653423209703e+01 6.414288768709811350e+00 4.303370080770512196e-01
3.484072130410960710e+01 6.817726372829509884e+00 4.144864804630157828e-01
3.480490762763188428e+01 7.611611825507234030e+00 3.991263788906107557e-01
3.470658255273169601e+01 9.185695255622153610e+00 3.842500658404923164e-01
3.461174870367410961e+01 9.974409188035266993e+00 3.698505854755887445e-01
3.442399906307338853e+01 1.153999147312637064e+01 3.559206850316423143e-01
3.427628271312072172e+01 1.271540985879761898e+01 3.424528361749650252e-01
3.410718618887362652e+01 1.388769606828175895e+01 3.294392562696564775e-01
3.397826040726891250e+01 1.466977778796814391e+01 3.168719294983914914e-01
3.383941526357451579e+01 1.544979731488599306e+01 3.047426277830045382e-01
3.369703026730380202e+01 1.622871388032773865e+01 2.930429314534443441e-01
3.354904452282654859e+01 1.700617196713749735e+01 2.817642496162036658e-01
3.333372010463655499e+01 1.816871739148493248e+01 2.708978401760171462e-01
3.313964346512975112e+01 1.933429422990104030e+01 2.604348294674297959e-01
3.305277194011958386e+01 1.972359822234292892e+01 2.503662314557497659e-01
3.290172888524060113e+01 2.049864594220934322e+01 2.406829664698778570e-01
3.268961524867954438e+01 2.165999444963588516e+01 2.313758794325395107e-01
3.239008861901818648e+01 2.320304091526949719e+01 2.224357575565031886e-01
3.202514919055917630e+01 2.513176761872810516e+01 2.138533474784395927e-01
3.175902597606921063e+01 2.667972011706211077e+01 2.056193718051374519e-01
3.144339526162596599e+01 2.861588299265157431e+01 3.470796553217869174e-01
3.129830550595730543e+01 2.938971365556288617e+01 4.868545478289955653e-01
3.104500264761824724e+01 3.093875561567526589e+01 7.470690619077671180e-01
3.090437622961181319e+01 3.171268841908519676e+01 8.654589431554370327e-01
3.062966000097978991e+01 3.365333204289146352e+01 1.122859785516302278e+00
3.035040775619893338e+01 3.559331034590307752e+01 1.380553740857396461e+00
3.002657940405826409e+01 3.752650585744552814e+01 1.681756612427827147e+00
2.980647393319903316e+01 3.868300755849650585e+01 1.972795508077455073e+00
2.948763113116046242e+01 4.021905373558180941e+01 2.454989432371153857e+00
2.920452544561282338e+01 4.136220798222629469e+01 2.815514364617040854e+00
2.892030633820489527e+01 4.250493956630562309e+01 3.176288185760264504e+00
2.879920624973497212e+01 4.288118195330206106e+01 3.364313352767808851e+00
2.845715918512527765e+01 4.400834850607735405e+01 3.938151544801761883e+00
2.822181154665428693e+01 4.475867441305841510e+01 4.319422981724589050e+00
2.807973103927627534e+01 4.512786985540860485e+01 4.508119567973245978e+00
2.823000544380189325e+01 4.477177975905989626e+01 4.311442846045428823e+00
2.804220598917865459e+01 4.512169514675700555e+01 4.500547080588560789e+00
2.784876069206844562e+01 4.546860941199914663e+01 4.689843618818782645e+00
2.764949165656584285e+01 4.581231765135730427e+01 4.879324999672009611e+00
2.744341470589037613e+01 4.615214926586104127e+01 5.036871904542456591e+00
2.722658850531185237e+01 4.648558355871271885e+01 5.192531140372887322e+00
2.678140323068040729e+01 4.713743490887073762e+01 5.506974248534486804e+00
2.653494322343394174e+01 4.745079539869531260e+01 5.662953687398449176e+00
2.603457069504894861e+01 4.806243645982652879e+01 6.000549589893239499e+00
2.576006160031816705e+01 4.835277075139576652e+01 6.202172916324274254e+00
2.547300916220652667e+01 4.863127751207800031e+01 6.416300976217046426e+00
2.517247332084114930e+01 4.889584072875226184e+01 6.628215384529067222e+00
2.486191685287474940e+01 4.914905103034876532e+01 6.840255357994076135e+00
2.453914129381065834e+01 4.938716236654869363e+01 7.052415205890886440e+00
2.389295420139661985e+01 4.984611726038554025e+01 7.478682007201385318e+00
2.355037560574931632e+01 5.005594702182272471e+01 7.691065245331033751e+00
2.319990876243935674e+01 5.025281591551991767e+01 7.903552352682042148e+00
2.284410282660524061e+01 5.044017320925823356e+01 8.116138344780964076e+00
2.248128425846652334e+01 5.061406621501713232e+01 8.328818409221913299e+00
2.211286798750034421e+01 5.077617156021464950e+01 8.541587903350329469e+00
2.173842575284789902e+01 5.092433695858565557e+01 8.754442351723737303e+00
2.136000516356525480e+01 5.106233409470166862e+01 8.967377443369425549e+00
2.097650092679234746e+01 5.118601678030242397e+01 9.091014915904064964e+00
2.058559063208266338e+01 5.128491697198656141e+01 9.207064098064320135e+00
2.019112657738642014e+01 5.136904277236911298e+01 9.303130900933597403e+00
1.979489572485294246e+01 5.144455575365208233e+01 9.399262686996799232e+00
1.939636897324330178e+01 5.150720889518684942e+01 9.495455920710778486e+00
1.899597796952378559e+01 5.155693111786168004e+01 9.591707211326347959e+00
1.859415677934126876e+01 5.159366572853802779e+01 9.688013309232193393e+00
1.819109133006639567e+01 5.161310737451887576e+01 9.784371102232753969e+00
1.778754835351653441e+01 5.160880981578961268e+01 9.880777611774036018e+00
1.738438791967857711e+01 5.159144414905425435e+01 9.973529952257429443e+00
1.698204839843237934e+01 5.156102853783797002e+01 1.006632543781993760e+01
1.582583510236927538e+01 5.144625174401811307e+01 1.034557467095972783e+01
1.506334556483858123e+01 5.133598270676485242e+01 1.053165536470545760e+01
1.467773685358559987e+01 5.127086405522657486e+01 1.091337908777950361e+01
1.391237191518003691e+01 5.118413385651340519e+01 1.167715678597828344e+01
1.352478353559260782e+01 5.113284202540184253e+01 1.205894523244831973e+01
1.212919414940773066e+01 5.092621627946083862e+01 1.230330816599668786e+01
1.144099789416129553e+01 5.079386672209345477e+01 1.242541549707820536e+01
1.075521373090323429e+01 5.064998610002521673e+01 1.254754826620173347e+01
9.382910700899895318e+00 5.042853618620212330e+01 1.279198760583010142e+01
7.726658926028601826e+00 5.016634149932947651e+01 1.309759039706892558e+01
7.074589985100319112e+00 5.005180239563539146e+01 1.321978926615809158e+01
6.101419273637933571e+00 4.988485823772387562e+01 1.412538538314437631e+01
5.444792206207962337e+00 4.980098909565691656e+01 1.472911190727310959e+01
4.790304721509331287e+00 4.970260302875358605e+01 1.533285456186957241e+01
3.493691115269785374e+00 4.949834865606142387e+01 1.654038621831695721e+01
2.843036586729980719e+00 4.937805512627357984e+01 1.714415735747988379e+01
2.514082438534863240e+00 4.930880153498301155e+01 1.744605390807563339e+01
2.186835768093116528e+00 4.923241522122101088e+01 1.774796186125105635e+01
1.546958353050788215e+00 4.906574386333626592e+01 1.835176726770782807e+01
9.161857483280135828e-01 4.886793794957986847e+01 1.895558208192956684e+01
5.972350996688499114e-01 4.876365057850468077e+01 1.925751831246578405e+01
-2.197287871724110803e-02 4.853309540150485191e+01 1.986134924879543462e+01
-6.302342531690470206e-01 4.827578844586599871e+01 2.046518699984498824e+01
-9.347047165813040515e-01 4.813635939350196224e+01 2.076714372102471629e+01
-1.235867663033460850e+00 4.799035294124048079e+01 2.106910576485768161e+01
-1.532736164527878309e+00 4.783627786320141695e+01 2.137107244923036120e+01
-1.822392796897560396e+00 4.766966017127498390e+01 2.167304313169565688e+01
-2.105255560374020618e+00 4.749231386046110970e+01 2.197501720736432773e+01
-2.381929025108931341e+00 4.730596016572264517e+01 2.212889003341009442e+01
-2.914476236459234038e+00 4.691836532142963279e+01 2.242061411016007000e+01
-3.177873933507104454e+00 4.671463686614120547e+01 2.253497766378219680e+01
-3.436500528030653978e+00 4.650526250187351707e+01 2.266238414936472623e+01
-3.928322528544376802e+00 4.606862643758120157e+01 2.291710277944552132e+01
-4.164638089680009259e+00 4.583557685549111227e+01 2.304451057294856753e+01
-4.387598406513319560e+00 4.559037850773022882e+01 2.317191841596861224e+01
-4.603481003444044539e+00 4.533932248803333209e+01 2.329932593717797573e+01
-5.011508729452817335e+00 4.482549258625110156e+01 2.355404406786666982e+01
-5.202584216511472626e+00 4.455618145264733698e+01 2.368144991746249417e+01
-5.379873840671157481e+00 4.427817394105575488e+01 2.380885445672810619e+01
-5.701797437696210835e+00 4.370815959805801754e+01 2.408501640175945369e+01
-5.851892031200401689e+00 4.341562806820411424e+01 2.422016338964947835e+01
-5.983805489011798429e+00 4.311509778633050871e+01 2.442571907360872530e+01
-6.097081390091973141e+00 4.280768259679602039e+01 2.467156401584200154e+01
-6.287353097097206245e+00 4.218355560808551274e+01 2.506861143899566713e+01
-6.449552596796653603e+00 4.155213111043318008e+01 2.541670465231708675e+01
-6.567709613656795398e+00 4.091162028390803584e+01 2.587579468354702428e+01
-6.608568760178977541e+00 4.058874570127362347e+01 2.613163152991607774e+01
-6.634900875876144966e+00 4.026478771169394832e+01 2.638746492693030632e+01
-6.655872331405046971e+00 3.961515218328051446e+01 2.689459278678446452e+01
-6.654919475291340092e+00 3.896549712084748052e+01 2.740171683076961529e+01
-6.623191243300388109e+00 3.831700925804980074e+01 2.765530615254126445e+01
-6.533749545996068164e+00 3.734685701993202400e+01 2.765536058147634790e+01
-6.451336382560856286e+00 3.670349031186754019e+01 2.765541068163613403e+01
-6.324900335715961219e+00 3.573778397173242638e+01 2.765545628772950337e+01
-6.178283739114149853e+00 3.477508600578271114e+01 2.765549723555674078e+01
-6.016807709847734387e+00 3.381494352345778509e+01 2.765553336094189518e+01
-5.843994784800185194e+00 3.285687854207589709e+01 2.765556449864608624e+01
-5.613846553321465649e+00 3.156890622409678571e+01 2.765559048125726349e+01
-5.413036574024541636e+00 3.047204493585439167e+01 2.765561113805176063e+01
-5.281886636577819871e+00 2.974757220200105934e+01 2.765562629382309012e+01
-5.060509042764081755e+00 2.864108418621271923e+01 2.765563576767318210e+01
-4.763284242101109456e+00 2.713413638420220764e+01 2.765563937176136733e+01
-4.467077406573670473e+00 2.571832511273559163e+01 2.765563691000627244e+01
-4.177434933076551005e+00 2.430115728213974791e+01 2.765562817673579232e+01
-3.906003600349811311e+00 2.288035703315174985e+01 2.765561295528022612e+01
-3.637302902114911696e+00 2.145911535952246396e+01 2.765559101650365648e+01
-3.498550574893696918e+00 2.075105972398733911e+01 2.765556211726864433e+01
-3.285609874445069689e+00 1.968832070667336609e+01 2.765552599882920504e+01
-3.132096068286625457e+00 1.898352244839729508e+01 2.765548238514713475e+01
-2.987629601152044678e+00 1.827681136815672858e+01 2.765543098112663856e+01
-3.155612907074275775e+00 1.814608481632550507e+01 2.765581675260033023e+01
-3.013178804484478501e+00 1.799411169985646097e+01 2.765595853010920280e+01
-3.047605884661257925e+00 1.918915303176677156e+01 2.765615715455115264e+01
-2.865028513155578160e+00 1.936940738183375288e+01 2.765631655915617415e+01
-2.473087740719837946e+00 1.752435461706188136e+01 2.765683980163106526e+01
-2.310841232677371071e+00 1.722321707618224451e+01 2.765717087034437327e+01
-2.132231338186846514e+00 1.692926204783726618e+01 2.765749526739898556e+01
-1.946431282406829055e+00 1.663878736670446301e+01 2.765781310319437836e+01
-1.757035260494013151e+00 1.635014008389752149e+01 2.765812447849318190e+01
-1.565820173359583567e+00 1.606244953984790769e+01 2.765842948517069289e+01
-1.371041358544486721e+00 1.577664054124449677e+01 2.765872820690976397e+01
-1.160678963481862613e+00 1.549956277215171241e+01 2.765902071984294253e+01
-9.368305576405216994e-01 1.523087998962329159e+01 2.765930709314356051e+01
-6.998729384522633934e-01 1.497116629384241193e+01 2.765958738956734564e+01
-4.502075241917480319e-01 1.472097876228954405e+01 2.765986166594606743e+01
-1.882595784178471843e-01 1.448085640147412789e+01 2.766012997363445436e+01
8.552261019147064380e-02 1.425131913382950799e+01 2.766039235891164338e+01
3.706685910005947382e-01 1.403286682166021571e+01 2.766064886333806783e+01
6.666866558822053257e-01 1.382597832995613452e+01 2.766089952406877472e+01
9.718046570634853998e-01 1.362958779432758760e+01 2.766114437412379701e+01
1.288011482027212384e+00 1.344717511805800925e+01 2.766138344261615600e+01
1.614611456950620916e+00 1.327926082073526359e+01 2.766161675493788863e+01
1.950884359538233692e+00 1.312633071351438119e+01 2.766184433290428402e+01
2.296087157364634646e+00 1.298883475054363501e+01 2.766206619485640061e+01
2.645945035549530644e+00 1.286010194682588548e+01 2.766228235572172167e+01
3.339263785489135383e+00 1.261182295097299644e+01 2.766249282703260803e+01
3.711712010364732084e+00 1.253791362840224011e+01 2.766269761690209705e+01
4.444229737385704482e+00 1.240756339731399471e+01 2.766289672995630866e+01
5.179505246461255652e+00 1.228870698647228998e+01 2.766309016722264147e+01
5.914388966356485255e+00 1.216786730882190071e+01 2.766327792597264690e+01
6.650559474527971915e+00 1.205276534577090963e+01 2.766345999951836276e+01
7.388027858816677451e+00 1.194339417576663998e+01 2.766363637696059641e+01
8.127065024161559847e+00 1.184171129421102719e+01 2.766380704288756931e+01
8.868308224291181929e+00 1.175161462881030872e+01 2.766397197702199762e+01
7.696652240926345812e+00 1.213746437079190699e+01 2.766404422652091455e+01
7.652323701711980952e+00 1.221593015903034107e+01 2.766415420311534490e+01
8.908901443734672299e+00 1.182287193090261823e+01 2.766407371445707142e+01
9.176087680986096728e+00 1.176489957339593495e+01 2.766407985223477795e+01
9.122310500629332353e+00 1.173134538627148515e+01 2.766416672750527894e+01
8.154020732214720013e+00 1.193333372631574107e+01 2.766434323882956292e+01
9.235264282558945936e+00 1.200183953451997709e+01 2.766458924672689079e+01
1.016868761702937540e+01 1.197409308034464104e+01 2.766467902874139995e+01
1.082051211222548659e+01 1.206188301274827701e+01 2.766480191675648825e+01
1.146887251736277236e+01 1.218333279458355456e+01 2.766491885132024819e+01
1.174404539821256144e+01 1.228084152667998197e+01 2.766502977448436340e+01
1.201542883090317559e+01 1.239589257982078507e+01 2.766513461870702884e+01
1.228218655014415361e+01 1.252827969987743373e+01 2.766523330601276243e+01
1.254349335102632423e+01 1.267775679870494088e+01 2.766532574707166958e+01
1.279853698687287533e+01 1.284403854086756702e+01 2.766541184019432364e+01
1.325368434720015465e+01 1.297591030351233599e+01 2.766549232023582050e+01
1.360014559597097339e+01 1.314399832612055263e+01 2.766556592180773677e+01
1.393821243422066658e+01 1.332802072944624605e+01 2.766563292650323547e+01
1.426494454509879972e+01 1.353097727239302372e+01 2.766569320962118184e+01
1.457804030011338270e+01 1.375379593584681004e+01 2.766574662941604856e+01
1.487624897821715031e+01 1.399554939160728750e+01 2.766579302580539945e+01
1.515838255975731919e+01 1.425523163025126827e+01 2.766583221896857481e+01
1.550028256896534096e+01 1.459976573799794508e+01 2.766596878862425157e+01
1.578770932054502296e+01 1.492418475203040451e+01 2.766604455625834191e+01
1.623638176055928284e+01 1.551968010615754245e+01 2.766604370774128441e+01
1.658561516642198441e+01 1.599357961675043960e+01 2.766606847192376506e+01
1.692758274558852349e+01 1.647239118242880451e+01 2.766608436142242056e+01
1.664475280311214789e+01 1.556797674454026925e+01 2.766610889375937887e+01
1.663407536575135737e+01 1.537743102133014794e+01 2.766611570942212239e+01
1.681174839714331881e+01 1.562215824760157012e+01 2.766613396551937143e+01
1.685205186548604672e+01 1.566461482871097743e+01 2.766613337632231051e+01
1.686548903323986792e+01 1.571345522468678801e+01 2.766612398944211293e+01
1.662369785651473109e+01 1.548279892726425544e+01 2.766609636776271941e+01
1.708318876280842602e+01 1.705046594918701075e+01 2.766607504418589158e+01
1.711457911794554576e+01 1.694613624300725618e+01 2.766607882395170392e+01
1.744636070336537514e+01 1.917718930252859622e+01 2.766604355398889226e+01
1.788581293024461871e+01 1.969499870555763010e+01 2.766604355398889226e+01
1.764586747654463394e+01 2.140209406437021755e+01 2.766596501283498455e+01
1.773618607815180326e+01 2.254578710444676659e+01 2.766578510011671099e+01
1.776683987807612652e+01 2.381696977326893361e+01 2.766564514221124327e+01
1.775816137940927320e+01 2.449195660389091955e+01 2.766566767627331203e+01
1.773829526274794333e+01 2.527245439203784017e+01 2.766558511174915225e+01
1.768403603683275449e+01 2.604547760685647972e+01 2.766548538891334630e+01
1.782408409388950332e+01 2.569513532661276400e+01 2.766546197101246207e+01
1.788818105340287090e+01 2.613806997667023779e+01 2.766532638800281774e+01
1.774306118769771246e+01 2.619299510045147983e+01 2.766522020247023406e+01
1.836947791558270637e+01 2.605558206480311867e+01 2.766523414652881030e+01
1.857689581932701373e+01 2.606170262636644708e+01 2.766514620293197524e+01
1.831717998397673952e+01 2.636678945641706662e+01 2.766514620293197524e+01
1.823833065221872829e+01 2.646821991034193644e+01 2.766507174168972227e+01
1.833138687847061021e+01 2.643882703299677672e+01 2.766504992463375601e+01
1.814490002987388095e+01 2.655198778711909569e+01 2.766507624672689758e+01
1.822327883093170442e+01 2.638693073880445539e+01 2.766486442255813927e+01
1.833748009681772118e+01 2.619901422379306766e+01 2.766495257482157655e+01
1.768277916479799217e+01 2.668830149414898045e+01 2.766463643162369124e+01
1.739440296110960560e+01 2.679386785866679332e+01 2.766440581840786095e+01
1.710500917672891319e+01 2.688190633589224987e+01 2.766414899621982926e+01
1.681541836311444982e+01 2.695846981141888676e+01 2.766386432159352893e+01
1.615453314361242931e+01 2.699613746352184052e+01 2.766355002373998673e+01
1.549701941595643540e+01 2.698866389964589985e+01 2.766320419845331458e+01
1.481657664907904959e+01 2.694814023680105208e+01 2.766282480180671755e+01
1.298361615135432245e+01 2.682054418087132319e+01 2.765685691912168309e+01
1.143244229601790707e+01 2.665291263075463490e+01 2.765362449077193219e+01
1.011471140868466634e+01 2.652867520682406166e+01 2.765034863716358515e+01
8.981608155161605822e+00 2.645696391395587455e+01 2.764702596609262741e+01
7.386797462626487842e+00 2.628747338231008968e+01 2.764365290053823898e+01
6.416853678459778720e+00 2.614330541713881217e+01 2.761220381860704975e+01
5.558021844895205454e+00 2.614596444213834303e+01 2.763352155739543647e+01
4.292481659158251972e+00 2.580028401136909366e+01 2.763344103699165188e+01
3.394427472202400153e+00 2.567617369371768632e+01 2.763430727859968528e+01
2.496479274019976380e+00 2.555290611860901606e+01 2.763513945488236700e+01
2.259775142491003308e+00 2.549042432159378535e+01 2.763593926390110056e+01
2.025790508630305631e+00 2.541525515327297313e+01 2.763670827503533189e+01
1.795029823024895999e+00 2.532751265396170126e+01 2.763744793396340427e+01
1.567992506666342489e+00 2.522733082886344391e+01 2.763815956743376745e+01
1.345172161253867404e+00 2.511486328376331656e+01 2.763884438782650932e+01
1.128425699631927070e+00 2.498693547441584073e+01 2.763950349750619040e+01
1.006099806874424463e+00 2.513389097660502358e+01 2.764168074071242387e+01
7.916340393424159405e-01 2.487127091943483492e+01 2.764168074071242387e+01
6.114097885109338604e-01 2.472246293980857246e+01 2.764235240748573119e+01
4.392506317962245888e-01 2.456067247325973568e+01 2.764300409620018684e+01
2.757542438087709491e-01 2.438628257064886640e+01 2.764363668132756047e+01
1.192860840885685697e-01 2.420256370921917011e+01 2.764425095775991892e+01
-2.982401605743553730e-02 2.400976683253713873e+01 2.764484764433956343e+01
-1.748150840342829748e-01 2.381224855852599021e+01 2.764542738720247428e+01
-2.611117971257743142e-01 2.386555501963208314e+01 2.764715154763470650e+01
-4.612427754142918723e-01 2.322418961615689526e+01 2.764677522721523317e+01
-5.612508834817627745e-01 2.313576551280501548e+01 2.764788983784051624e+01
-6.528793588688930338e-01 2.303941716975245413e+01 2.764899115074721436e+01
-7.412301287794804683e-01 2.294021808899056580e+01 2.765008017196695533e+01
-1.279177706719039964e+00 2.235392486083383545e+01 2.765115786639832862e+01
-1.362226926361897128e+00 2.225033518415866496e+01 2.765222516343806802e+01
-1.890217367694590145e+00 2.165513814367319156e+01 2.765328296250530471e+01
-1.786344431707810987e+00 2.139103079525127171e+01 2.765293362521117970e+01
-2.077678441862297554e+00 2.102979927055955756e+01 2.765397269107817380e+01
-2.587944239219599041e+00 2.041964152442687919e+01 2.765500363085920554e+01
-2.644211941230318885e+00 1.939890663701039131e+01 2.765515625303554259e+01
-2.604705726320629022e+00 1.896207351828450527e+01 2.765573640609585837e+01
-2.857496757832340695e+00 1.904603751642114418e+01 2.765592649332305442e+01
-2.869763693264048676e+00 1.832090714838179579e+01 2.765632889215362766e+01
-2.818832996323239470e+00 1.808423762381047339e+01 2.765688960034024646e+01
-2.658485918555799188e+00 1.787287238945035028e+01 2.765744353126098787e+01
-2.491385311514288325e+00 1.766277445512431399e+01 2.765799086492252812e+01
-2.317822030504857800e+00 1.745402307043649159e+01 2.765853177237232785e+01
-2.137918335500716971e+00 1.724671996795879636e+01 2.765906641705445068e+01
-2.008539048228676016e+00 1.688064909380964806e+01 2.765909268794582232e+01
-1.843313703689759109e+00 1.659674660409277180e+01 2.765936382629401180e+01
-1.660352610976464138e+00 1.631829984853636972e+01 2.765962884109971043e+01
-1.459984752673811226e+00 1.604628106622321937e+01 2.765988779190366031e+01
-1.242590577202777435e+00 1.578164351908346319e+01 2.766014073279850649e+01
-1.010199379302768818e+00 1.552447028603645762e+01 2.766038771285138864e+01
-7.631999118430758955e-01 1.527550086439767085e+01 2.766062877648344198e+01
-5.020176592884444400e-01 1.503545455710071721e+01 2.766086396380714518e+01
-2.256620719927383001e-01 1.480610679991290723e+01 2.766109331092230050e+01
6.525258285189024232e-02 1.458828148425891769e+01 2.766131685017127495e+01
3.700667968035600275e-01 1.438276707850304348e+01 2.766153461035399630e+01
6.868255325733655381e-01 1.418900945588843854e+01 2.766174661690303793e+01
1.013734106107633703e+00 1.400623048723974229e+01 2.766195289201888485e+01
1.435260811452348850e+00 1.377739581547255732e+01 2.766212123313985671e+01
1.828308694853085559e+00 1.359616405005493078e+01 2.766229997624070691e+01
2.231208508594101581e+00 1.343008170129126633e+01 2.766247302322646817e+01
2.641396632637089237e+00 1.327648016551729526e+01 2.766264038051122398e+01
3.056700661510984851e+00 1.313242937366802643e+01 2.766280205119885949e+01
3.970690247634560244e+00 1.286869939249231898e+01 2.766302270539507902e+01
4.807994762966504965e+00 1.264711029427601474e+01 2.766320533573006202e+01
5.752049294814590930e+00 1.255590502693285870e+01 2.766361818433007258e+01
6.796580383094676492e+00 1.233662471258763915e+01 2.766390734712486932e+01
8.030082870066010514e+00 1.208827245659981742e+01 2.766407985223477795e+01
9.116047598851141132e+00 1.192872551269403480e+01 2.766418126247321041e+01
8.669161940167334990e+00 1.203184262241787295e+01 2.766437798711608309e+01
9.287204777731325578e+00 1.208695258560906005e+01 2.766462236959996090e+01
1.017654408827062618e+01 1.226769172367076877e+01 2.766486077298170443e+01
1.076146142415424478e+01 1.234680541051812952e+01 2.766490243280355088e+01
1.133197697433169537e+01 1.247715372033639980e+01 2.766503338191352768e+01
1.187464092647836544e+01 1.270236338638995832e+01 2.766532458671165884e+01
1.214534845192018508e+01 1.287930070099044144e+01 2.766533902192624339e+01
1.255474033021226887e+01 1.307856880081558515e+01 2.766544065383773798e+01
1.296053241126522337e+01 1.329179325680791024e+01 2.766553576419844873e+01
1.336211981454298936e+01 1.351881870914313133e+01 2.766562422087582718e+01
1.375954817333304092e+01 1.375776932703917588e+01 2.766570587510518919e+01
1.415375204384642771e+01 1.400514545867371474e+01 2.766578056005691622e+01
1.454151254901080392e+01 1.426744977674941950e+01 2.766584808929432882e+01
1.492210625567235738e+01 1.454435222500226743e+01 2.766590825511724816e+01
1.529482685983299106e+01 1.483548639832613603e+01 2.766596082678611168e+01
1.565997998695809912e+01 1.513893926258085187e+01 2.766600554862141337e+01
1.601808657611467623e+01 1.545289789549952175e+01 2.766604213797313605e+01
1.636653334833641793e+01 1.577994348218424747e+01 2.766607028305479332e+01
1.641583241068124011e+01 1.597754740844066035e+01 2.766607882395170392e+01
1.656069586388221282e+01 1.608297024038279233e+01 2.766607970280415429e+01
1.708440064169241879e+01 1.787282162356133597e+01 2.766604355398889226e+01
1.749111694070835199e+01 1.818353603207158642e+01 2.766604355398889226e+01
1.762875738954073057e+01 2.007592041684994655e+01 2.766596501283498455e+01
1.772795981993475323e+01 2.458799654364506537e+01 2.766553981120740957e+01
1.770606919752867725e+01 2.502753395126408265e+01 2.766541697182042014e+01
1.766891832143959107e+01 2.546465939366378350e+01 2.766527545905372776e+01
1.761477464320962838e+01 2.589821443622606978e+01 2.766511401693765038e+01
1.792152624046035925e+01 2.596952014311112933e+01 2.766504231251418844e+01
1.787349649958943232e+01 2.643954685837460872e+01 2.766468103914867882e+01
1.760241472712364441e+01 2.652265932069299836e+01 2.766429452807622624e+01
1.733195999724230063e+01 2.669227699077918814e+01 2.766437570803966750e+01
1.706268942654233811e+01 2.679654482740368593e+01 2.766418472380410165e+01
1.679587924172246360e+01 2.688231518500162309e+01 2.766396653345075407e+01
1.653218413042186441e+01 2.695157674404083537e+01 2.766371973831094522e+01
1.576955696890352066e+01 2.697713632193025290e+01 2.766327672713637398e+01
1.525947034108122402e+01 2.701241973496599513e+01 2.766288299673571771e+01
1.443574081777475548e+01 2.718757118810235340e+01 2.766465866945391028e+01
1.331875222617962606e+01 2.740437695923086281e+01 2.766501089050202467e+01
1.179857752361883172e+01 2.715244709267032874e+01 2.766615575671970362e+01
1.063448499201806463e+01 2.701561348610770708e+01 2.766725645280777002e+01
9.239182989643303756e+00 2.679228319583312157e+01 2.766831021160989579e+01
7.814962978829154139e+00 2.661081895675740583e+01 2.766931408200086295e+01
7.399115741368103016e+00 2.653982731519139904e+01 2.760829169410425976e+01
3.979265779336564446e+00 2.568042356829869988e+01 2.763446858088160951e+01
3.377071914728567936e+00 2.557262417273230781e+01 2.763538193342287030e+01
2.778007265937661785e+00 2.545751043050629647e+01 2.763626344815703106e+01
2.508340847807263074e+00 2.545387239943524094e+01 2.763711483225453236e+01
2.243038136454326370e+00 2.544155886887648421e+01 2.763793767244446897e+01
1.982349601457243926e+00 2.542069130044438197e+01 2.763873344033185830e+01
1.417209133313545255e+00 2.519573334671420284e+01 2.763950349750619040e+01
7.951310379094215230e-01 2.499575514406920718e+01 2.764235240748573119e+01
5.987183914964158138e-01 2.484541836024811801e+01 2.764300409620018684e+01
4.185841956117482554e-01 2.468289106048713322e+01 2.764363668132756047e+01
2.557954642284817615e-01 2.450887058073880098e+01 2.764425095775991892e+01
1.077566398447642321e-01 2.432619255971986050e+01 2.764484764433956343e+01
-2.678699367800588260e-02 2.413640917845188838e+01 2.764542738720247428e+01
-2.795745227151786416e+00 2.004822331860077611e+01 2.765543098112663856e+01
-2.061507904641376676e+00 1.697383352535836920e+01 2.765931128071740019e+01
-1.963883913910133616e+00 1.670453645184433356e+01 2.765955001510658917e+01
-1.845138286029802455e+00 1.644013227041926228e+01 2.765978267778485034e+01
-1.707367381504149906e+00 1.618131251167347884e+01 2.766000932081623631e+01
-1.549039315123570404e+00 1.592983811254388371e+01 2.766022999117842218e+01
-1.372365387445896756e+00 1.568614897390797225e+01 2.766044473113201718e+01
-1.174344427779304922e+00 1.545308705917006620e+01 2.766065357854771278e+01
-9.557075680654549821e-01 1.523205629600050415e+01 2.766085656719204877e+01
-7.172836497813197543e-01 1.502440841822815010e+01 2.766105372697252562e+01
-4.599941288468744061e-01 1.483143645466602223e+01 2.766124508414246463e+01
-1.848479850121924062e-01 1.465436860509930561e+01 2.766143066146606344e+01
1.070634993115485017e-01 1.449436249428705636e+01 2.766161047834374642e+01
4.096425016621586535e-01 1.434648814688612006e+01 2.766178455089791299e+01
7.211535534253044055e-01 1.420967346017656219e+01 2.766195289201888485e+01
1.305112302453840245e+00 1.397028559317894647e+01 2.766229997624070691e+01
1.579991402014291335e+00 1.386979346343326647e+01 2.766247302322646817e+01
1.861757487966785973e+00 1.377889545655399317e+01 2.766264038051122398e+01
2.443046897487001878e+00 1.349478874269187756e+01 2.766280205119885949e+01
3.268286553264992733e+00 1.321856122088681218e+01 2.766308737342033197e+01
4.152035350494965193e+00 1.292582728987527574e+01 2.766320533573006202e+01
8.633326163714189150e+00 1.187078021940590489e+01 2.766426512947255034e+01
8.720386981528378101e+00 1.189700539447298944e+01 2.766418126247321041e+01
1.055985818792378161e+01 1.232258560964290339e+01 2.766495011713617203e+01
1.094127540658194064e+01 1.240711248278256917e+01 2.766503338191352768e+01
1.240960934109255831e+01 1.276473673541543441e+01 2.766541184019432364e+01
1.334017796492612362e+01 1.304966117800636738e+01 2.766557941213454797e+01
1.373293278993813971e+01 1.326212916556954546e+01 2.766565304796574765e+01
1.411597755073752580e+01 1.349285117428896541e+01 2.766571984635278625e+01
1.449019280213214955e+01 1.373844241321839910e+01 2.766577963427376829e+01
1.485095777354076496e+01 1.400414700145075031e+01 2.766583221896857481e+01
1.593456136947286517e+01 1.511449444550493126e+01 2.766607028305479332e+01
1.643563321943489441e+01 1.553438881811310779e+01 2.766611408489876567e+01
1.656517063204933748e+01 1.544215344334677198e+01 2.766612343601200763e+01
1.666836933708285429e+01 1.536893045723580364e+01 2.766612398944211293e+01
1.852350203000118967e+01 2.619039381907568398e+01 2.766507174168972227e+01
1.725167011889572422e+01 2.666082746005890414e+01 2.766402143558681459e+01
1.689421269781051294e+01 2.678591030782290261e+01 2.766371973831094522e+01
1.638670994424735383e+01 2.690488330445905163e+01 2.766316715432954965e+01
1.624062689320277997e+01 2.690136011797964244e+01 2.766288299673571771e+01
1.343656010494181352e+01 2.706696859125558419e+01 2.766545374908817934e+01
1.294591775305564951e+01 2.691292733193659359e+01 2.766620832165159527e+01
1.240139274994727714e+01 2.675378493560126358e+01 2.766692085989361516e+01
1.143090493290499410e+01 2.658579974657610734e+01 2.766758966667178044e+01
1.054071886899081534e+01 2.643557529605800482e+01 2.766821287041194921e+01
9.516309738258229345e+00 2.640343088389160897e+01 2.766878842041198538e+01
8.852239325627749622e+00 2.639563858099021587e+01 2.766931408200086295e+01
6.617756439096808663e+00 2.664384600934635472e+01 2.743969751633817467e+01
5.457384589526668606e+00 2.690382977261823072e+01 2.718871045067736958e+01
4.318883379313341209e+00 2.725282161033642225e+01 2.693761935035815114e+01
3.238255965000880199e+00 2.776202555421192386e+01 2.668640922338627064e+01
2.243909962161525051e+00 2.842972958689502150e+01 2.643506469828732719e+01
1.651227957256134138e+00 2.897208011644375603e+01 2.626587349018722506e+01
1.119712452105521283e+00 2.957811484061197760e+01 2.609651587011197194e+01
6.611738664015470723e-01 3.024435400413690900e+01 2.592697513056496916e+01
1.265215103920850903e-01 3.133001377910603225e+01 2.567493055519414469e+01
-1.447863639169497951e-01 3.209757317577388136e+01 2.550497138491106597e+01
-2.587309151204219004e-01 3.249807901170841973e+01 2.541707929109026765e+01
-4.635306986078657765e-01 3.328768712503094207e+01 2.524662834610996143e+01
-6.300749049360883092e-01 3.408711086753683617e+01 2.508059577838897525e+01
-7.686787169372392148e-01 3.489216340500264835e+01 2.491896137362873276e+01
-8.706763194495341640e-01 3.570316901402512144e+01 2.475701094781338085e+01
-1.018683080306900024e+00 3.691042646566144469e+01 2.451711268404829269e+01
-1.116143645746449753e+00 3.812305917380506770e+01 2.427685445856659641e+01
-1.217291007435290062e+00 3.933507728244562429e+01 2.403621318183124345e+01
-1.347099664515020168e+00 4.094452951837556043e+01 2.373054978954396077e+01
-1.379819365563075273e+00 4.255915909956303267e+01 2.342878649628153553e+01
-1.245364844044599462e+00 4.456824612541845454e+01 2.306395755924346247e+01
-1.033214934221033054e+00 4.576500717791735440e+01 2.284010546022931010e+01
-6.406316202889471567e-01 4.691355782874489933e+01 2.261574290166993961e+01
-2.890327467117733140e-01 4.764811305618275838e+01 2.246226277313341768e+01
1.095066765646765944e-01 4.835675076762120028e+01 2.230821537028766244e+01
5.456716538562335073e-01 4.904094468731132395e+01 2.215357099352124237e+01
1.045473652209365945e+00 4.967728122978930827e+01 2.199829907615342961e+01
1.575206889288380818e+00 5.028636385895032390e+01 2.184236818353717524e+01
9.446685955083036212e-01 5.026163047939820672e+01 2.195215027349740211e+01
1.186798669641212278e+00 5.051310389132888190e+01 2.189240290908576725e+01
1.162195291449617862e+00 5.042778364004239222e+01 2.190342546805460699e+01
7.936738826099599686e-01 5.012577751185821739e+01 2.198520992001280661e+01
1.115723817268259088e+00 5.013668322559801993e+01 2.190776950116289967e+01
2.054370189847979589e+00 5.087519043209052683e+01 2.167638436733984975e+01
3.046860824749558549e+00 5.153331509750481132e+01 2.144422240955030645e+01
3.724432964848098937e+00 5.193893623460808584e+01 2.124636585664399036e+01
4.061288019570802987e+00 5.213211956406802017e+01 2.110487429021330286e+01
4.397728381063027214e+00 5.232160258347417425e+01 2.096784427196668332e+01
4.732714020641127561e+00 5.250920570044405622e+01 2.085078566722758353e+01
5.419970891330764040e+00 5.287939646619150125e+01 2.060490727139296396e+01
6.467659737317668522e+00 5.341577162110611710e+01 2.024625845750976438e+01
7.529817968143921014e+00 5.391586121485151750e+01 1.991467091688132740e+01
8.596759392110751463e+00 5.439881492268933982e+01 1.963822250632571098e+01
9.296802634532642884e+00 5.471841888321726799e+01 1.944426073299354840e+01
1.035860613903096805e+01 5.519979827192386779e+01 1.917216944245865307e+01
1.180121766612936085e+01 5.579728351232194683e+01 1.881744253269763334e+01
1.288820951835133499e+01 5.619878399725003959e+01 1.848539765414371772e+01
1.397403651219127951e+01 5.659451319811714143e+01 1.807045292651528712e+01
1.582838432151455699e+01 5.719782870335402691e+01 1.739865821943520530e+01
1.731858889477224395e+01 5.761207326380385041e+01 1.685319024981917124e+01
1.882058479915407645e+01 5.796498345314685707e+01 1.630626303622950246e+01
2.033741774396251856e+01 5.821957394349961135e+01 1.575783126043700832e+01
2.186937607958891050e+01 5.827093873342154495e+01 1.520784968925868696e+01
2.299662605655061043e+01 5.817797564067481630e+01 1.478401391371259521e+01
2.371516030071949999e+01 5.805402494933593971e+01 1.448627911963408721e+01
2.517157686056938815e+01 5.761083212033264545e+01 1.390160589047446749e+01
2.582312832398443447e+01 5.728822421951426236e+01 1.358061010420508374e+01
2.632062983295849179e+01 5.700219003448881949e+01 1.325784260081792709e+01
2.704420034214211199e+01 5.647094855400477087e+01 1.279559549480454095e+01
2.769581832076330130e+01 5.584769595606614701e+01 1.233149157620459491e+01
2.829197799894652121e+01 5.516914629377562562e+01 1.186548946724686360e+01
2.907301693513784357e+01 5.400929765358378631e+01 1.134609671011914855e+01
2.984033986184331155e+01 5.233386397950523161e+01 1.103191281736468454e+01
3.046079991768023731e+01 5.023443046513517629e+01 1.066426049303884582e+01
3.084413149655162556e+01 4.856585899319794919e+01 1.029072879250411532e+01
3.110680058005577919e+01 4.735232092094714318e+01 9.924543637306879162e+00
3.163050892172404005e+01 4.504078104584583286e+01 9.432880755304188014e+00
3.183163460111422083e+01 4.405293667637235444e+01 9.182750441860203949e+00
3.233553573135843351e+01 4.238564778418523105e+01 8.869510128975003127e+00
3.260607871067321639e+01 4.131155733660355622e+01 8.797741733796172525e+00
3.274495398363588805e+01 4.059947857684755945e+01 8.723728539724197262e+00
3.288900202925443494e+01 3.989080842931575432e+01 8.647444868281183972e+00
3.314142735092084280e+01 3.881457783815467621e+01 8.568867078370271173e+00
3.352417311954411616e+01 3.737888230561368630e+01 8.487973662462415803e+00
3.376664807061563067e+01 3.630209173525904021e+01 8.404745340349665028e+00
3.390286442525732724e+01 3.558315074770032993e+01 8.319165150128249309e+00
3.400894951244049480e+01 3.499702875800036850e+01 8.231218536076976733e+00
3.414919486519802660e+01 3.439192472255936650e+01 8.140893433099986254e+00
3.439966562233119163e+01 3.352595552581584570e+01 8.048180347407988933e+00
3.456866491785499562e+01 3.287583362126245845e+01 7.953072433118612672e+00
3.487189277819002342e+01 3.201419281051578025e+01 7.855565564464374262e+00
3.541904593166358950e+01 3.071764566209129299e+01 7.755658403306259885e+00
3.546548526303703852e+01 3.041109101150818717e+01 7.653352461661611983e+00
3.605478672735272028e+01 2.916149827654228233e+01 7.548652158967255943e+00
3.671126807218139732e+01 2.780138200808935878e+01 7.441564873812297698e+00
3.736967800029562170e+01 2.644409157057911841e+01 7.332100989889859477e+00
3.763020395829131104e+01 2.578173969012941669e+01 7.220273935933100518e+00
3.832883739937484791e+01 2.445228069449422748e+01 7.106100219418145514e+00
3.898377232190375707e+01 2.309834540253552859e+01 6.989599453834916432e+00
3.923480758150616055e+01 2.243536200667856306e+01 6.870794379346323311e+00
3.967149668079548519e+01 2.141983923265542700e+01 6.749710876676674687e+00
4.008648329477229311e+01 2.039382590010547247e+01 6.626377974091467671e+00
4.051054780325134175e+01 1.937440248360989870e+01 6.500827847352796951e+00
4.074893980482484324e+01 1.871054853178394950e+01 6.373095812557425965e+00
4.099552548285993225e+01 1.805294721242914591e+01 6.243220311787933241e+00
4.124852616460197652e+01 1.740068965297179204e+01 6.111242891531230903e+00
4.150057894054847196e+01 1.674945156382184308e+01 5.977208173843010286e+00
4.171952086751918642e+01 1.608120377880406693e+01 5.841163820261192186e+00
4.201541010466755210e+01 1.501115454880849853e+01 5.703160488496169300e+00
4.204817626323396951e+01 1.427587820388141182e+01 5.563251781950333985e+00
4.197764674840421151e+01 1.352431143500063193e+01 5.421494192144063362e+00
4.180253846585883792e+01 1.277018855784470119e+01 5.277947034149779171e+00
4.152338104950169395e+01 1.202725921351857430e+01 5.132672375159829770e+00
4.100249368896265878e+01 1.093508619116059677e+01 4.985734956337671164e+00
4.011421588751021261e+01 9.631047678283671587e+00 4.837202108124920130e+00
3.884186301648686879e+01 8.130870204672872248e+00 4.687143659199301204e+00
3.796958664804832040e+01 7.283172744006590982e+00 4.535631839300137358e+00
3.627289215136597278e+01 5.633758182420748994e+00 4.382741176158667429e+00
3.517575619023389777e+01 5.035159835314555465e+00 4.228548386790056846e+00
3.433235533688427665e+01 4.764116483034374738e+00 4.073132263422286847e+00
3.345376445536093257e+01 4.586977393655498503e+00 3.916573554354080056e+00
3.293303429878092459e+01 4.560124602172431096e+00 3.758954840049431922e+00
3.202607396608554069e+01 4.526165886800047389e+00 3.600360404790075464e+00
3.111514320367775355e+01 4.592293104856969954e+00 3.440876104219111387e+00
3.021323083303978763e+01 4.758141007943565981e+00 3.280589229118970884e+00
2.932619365247871812e+01 4.997506781169072099e+00 3.119588365774649485e+00
2.844398561372631917e+01 5.252455634084002511e+00 2.957963253278689031e+00
2.756917996896319778e+01 5.530846783360548358e+00 2.795804638137550313e+00
2.632715479452227569e+01 5.920327231084069552e+00 2.633204126539777423e+00
2.544597185630708580e+01 6.172856462719581216e+00 2.470254034644705499e+00
2.123899738626870004e+01 2.179366280612884310e+01 1.612988404459161584e+00
2.110409364114369879e+01 2.323093601832802335e+01 1.580675218779007185e+00
2.096522614568173282e+01 2.354714637407354161e+01 1.548553281817904859e+00
2.080845721207091259e+01 2.386104737482828142e+01 1.516641511040549783e+00
1.991960326177235885e+01 2.574337993294410154e+01 1.310343026273826927e+00
1.970509132362735016e+01 2.612649373026660626e+01 1.279425213784935789e+00
1.946670951065156885e+01 2.649849679340461250e+01 1.248874340623099988e+00
1.920552836039409783e+01 2.685780513291840776e+01 1.218707312903999362e+00
1.892263116508458864e+01 2.720289074346507618e+01 1.188940559714498857e+00
1.861916202751610072e+01 2.753229662122539878e+01 1.159590011285148936e+00
1.829633992787395869e+01 2.784464573206623683e+01 1.130671078496313209e+00
1.795973918222072996e+01 2.814300735440274792e+01 1.102198633755459234e+00
1.762130851024507905e+01 2.843858350301377413e+01 1.074186993278737567e+00
1.707541290507609233e+01 2.873586738379269434e+01 9.970756251949230986e-01
1.665441236507683698e+01 2.892855376918151933e+01 9.732837557344091728e-01
1.622609496737278079e+01 2.910727888995928581e+01 9.500107968001302305e-01
1.579279479566499589e+01 2.927509857794701631e+01 9.272661566414175383e-01
1.535229824875833238e+01 2.942624481107487711e+01 9.050586147459454001e-01
1.490620729684624912e+01 2.956224421224395371e+01 8.833963179493893314e-01
1.338294226251267105e+01 2.987084829807482578e+01 8.409707461933472183e-01
1.265722713723092951e+01 2.991076065457146171e+01 8.207724414112749223e-01
1.193158861623705391e+01 2.994544068836400186e+01 8.011439540985360042e-01
1.143899396976728511e+01 2.991971580125875363e+01 7.758524712128986867e-01
1.277395304275263754e+01 2.997872297695433730e+01 8.070535284797250020e-01
1.215300532096908981e+01 3.008147652746067280e+01 8.058985536491113377e-01
1.234042254820475648e+01 2.999613805463867067e+01 7.875619599896401812e-01
9.750337062706526225e+00 2.986206383649165375e+01 7.288311852377971078e-01
8.173533656048645568e+00 2.975680012638621719e+01 6.956478919330171262e-01
7.000105050149877606e+00 2.969247080179469833e+01 6.821089738339832786e-01
5.828359749304235393e+00 2.965597018154110032e+01 6.691540326230619451e-01
4.658436164925509715e+00 2.963691094858188890e+01 6.567824070738348397e-01
8.798187452695126476e-01 2.912465911110303907e+01 5.566070419717142892e-01
1.291771356397246051e-01 2.901167221818558417e+01 5.455377824200087211e-01
-1.368119112067303744e+00 2.865119739745958327e+01 4.669600149177112192e-01
-1.713378778973794203e+00 2.851034919511869603e+01 4.548068365004629410e-01
-3.285010233176135497e+00 2.764725938752126666e+01 3.632813876710908607e-01
-3.560620264360401244e+00 2.744907716392377495e+01 3.540582841299652062e-01
-3.815736471577440891e+00 2.723268270644711464e+01 3.453916990371866946e-01
-4.049111710547929732e+00 2.699860542734389313e+01 3.372858312228168010e-01
-4.259554384674420824e+00 2.674736781799399665e+01 3.297461650306670045e-01
-4.445948397578830757e+00 2.647950046572488247e+01 3.227794745877853311e-01
-4.610938030524863507e+00 2.619730650926392812e+01 3.163937701019228221e-01
-4.751908864780513220e+00 2.590012710074160651e+01 3.105981860656021887e-01
-4.868109891681637436e+00 2.558831528539748490e+01 3.054028128201498049e-01
-4.954959095882170317e+00 2.526117305727472129e+01 3.008184741246305305e-01
-5.023724836201571620e+00 2.492218888709556524e+01 2.968564542175471943e-01
-5.146750377355969519e+00 2.420498743056105440e+01 2.935281785170072988e-01
-5.242062626054575958e+00 2.347377369740710407e+01 2.908448528380541132e-01
-5.305633978818037555e+00 2.272821239489063316e+01 2.888170671046240701e-01
-5.384479125324229010e+00 2.159826648962472717e+01 2.874543712324192368e-01
-5.475071161265827158e+00 2.008363618962491159e+01 2.867648332494912022e-01
-5.489875429002468721e+00 1.930074395247730479e+01 2.867545926924291999e-01
-5.482363359117064405e+00 1.850517843886832026e+01 2.874274255439744907e-01
-5.472269103075161567e+00 1.732471296457220333e+01 2.887843399766746866e-01
-5.467432732621002600e+00 1.576018521553048402e+01 2.908232243621788893e-01
-5.499894890323614227e+00 1.386690775583199198e+01 2.935385698009744249e-01
-5.530653311227436753e+00 1.222938999363565316e+01 2.969212883090224242e-01
-5.565149798059201736e+00 1.064383165427279465e+01 3.009586445164474933e-01
-5.622899359315280954e+00 9.112902272001617732e+00 3.056343134910898263e-01
-5.716684327450042957e+00 7.444953453214164796e+00 3.109285707777081909e-01
-5.832945663027027550e+00 5.814470669345364939e+00 3.168186131165048325e-01
-5.885951025008637316e+00 4.555623962231527102e+00 3.232789993540275963e-01
-5.888107170681522007e+00 3.671494915806340131e+00 3.302821918867084872e-01
-5.866255334627330953e+00 2.784309757973129074e+00 3.377991725932219524e-01
-5.724103154039523744e+00 1.923207033743968397e+00 3.495036646735847907e-01
-5.636197494899664484e+00 1.571061169170304250e+00 3.541556696976692065e-01
-5.226936501405986313e+00 4.145047272767686808e-01 3.852300793566543202e-01
-5.035531031066597052e+00 3.394848361250984992e-02 3.940641711454758167e-01
-4.613381351600986946e+00 -6.053054303953340209e-01 4.012606309397553916e-01
-4.381135052727984203e+00 -8.594224955205500560e-01 3.999243857153185200e-01
-4.128680076789085440e+00 -1.099243694514770997e+00 3.988573705972777161e-01
-3.857177228432736360e+00 -1.314370664040894976e+00 3.980270904481489902e-01
-3.569232855616241373e+00 -1.506787183348206494e+00 3.974012822143931922e-01
-3.271082270983497686e+00 -1.691656140728393654e+00 3.969519030858508768e-01
-2.960797748228816140e+00 -1.874399511101757509e+00 3.966589760157475109e-01
-2.638147105779356849e+00 -2.057213963533110146e+00 3.965125124806958556e-01
